# GitHub Contribution Pattern Training Data
# Format: TEXT|YEAR|PATTERN_DATA

HELLO|2023|00000111122222100110000000000000001100111111111100000
00000232243440000000000000000000000000002222112100000
00000222034440000000000000000000000000002222011100000
00000000036440000000002320001210000000002232000000000
00000000033000002000234440002222100010000022000000000
00000000000000222022233340002222111011100000000000000
00000000000001111112112220001111111111110000000000000
WORLD|2024|00000121100000000110011110001111001100000000111100000
00000233200000033000023330002221000022000000122100000
00000333300002234000033430002222000022110000222200000
00000333303333344000034440002222000022222220222200000
00000233333433333000222330002211100022222222222100000
00000232234343332022220000000001111012222222112100000
00000110022222221111100000000000111111111111001100000
GITHUB|2024|00000111222210122212222222122111111111101111111100000
00000223344332333323334433234322221222212222221100000
00000233230003343333044664346322022222220002122100000
00000230000002343000036444444332000022210000002100000
00000000000002343000023343334221000022210000000000000
00000000000003343000023333333221000022220000000000000
00000000000011122000012221111111000011111000000000000
JAVA|2023|00000111101101221021000000000000011011110110111100000
00000220030023344400300000000000200222221002001100000
00000000023233443643300000000000222322222121000000000
00000000020033343600300000000000200322222001000000000
00000000020033343300200000000000100222222001000000000
00000000000003222000000000000000000011120000000000000
00000011100001110000000000000000000001110000111000000
CODE|2023|00000111100001212222200000000000111111110000111100000
00000233200002334446400000000000232222210000122100000
00000233300003443664400000000000223322220000222100000
00000334303343444664300000000000223322222220222200000
00000233344333222340000000000000002211122222222100000
00000222034433000000000000000000000000022222011100000
00000000011220000000000000000000000000001111000000000
PROGRAMMING|2023|00001211000011110111100001110000111101221000011210000
00001312000232210233300233023100222102333100022320000
00002332023330010343323344444221222202002221023330000
00000222123640334230034336033222002122202321233100000
00000100134444444100133333023223200232222343200100000
00000200123333444111123330002222222232222332200100000
00000000111122222111111110001111111121112111100000000
PASINDU|2022|00000111001100111222211111211221211111100110011100000
00000202020032000333422222323333322200012001010100000
00000232024340220200323223334443400101102221012100000
00000200030030002000333344344554400010002002000100000
00000200020023220000234433233443300001121001000100000
00000200000000000000233322011333300000000000000100000
00000000000000000000222110001122200000000000000000000
SAMPATH|2022|00000011101100000111112211222222111100000110111000000
00000200030030000202232233333433310100002002000100000
00000023033330000232033444344433012100002222021000000
00000000230030000300030035453002000200002002100000000
00000121020020022300020034443001000211001001011100000
00000000000002223300000023333000000221110000000000000
00000000000001111000000012221000000011110000000000000
MACHINE|2021|00000000001101121111222210001222211111110110000000000
00000000020033334322344320001345411222222001000000000
00000000022233444432342200000345512222222111000000000
00000000020033333000222220003444400022222001000000000
00000002230033332000002222233430000012222002110000000
00000222200002220000000023233000000001110000111100000
00000111100000000000000022122000000000000000111100000
LEARNING|2023|00000110012210111111000011111000011111101111001100000
00000000024333003122200013332000123230022221000000000
00000000034466633434300002010000243432333222000000000
00000000034466004663300020001000334320033222000000000
00000000223004002443333330002333322210020021100000000
00000022200000000333333330002333322200000000111000000
00000112100000000121222210001222211100000000111100000
PATTERN|2022|00000111001100111022222220001111111011100110011100000
00000102030032333333333342034222222222212002010100000
00000122034344343434456543434333332222222222011100000
00000200030034555544455643334333433333322002000100000
00000200020022344543334224343343423322211001000100000
00000100000002333333322122223233322222210000000100000
00000000000001122122211111111111211111110000000000000
CONTRIBUTION|2020|00000111111111101122111112222212122220112222111100000
00000233322222222333422344444333434333334443322100000
00000333300222233344444454023444444345343400222200000
20002334403442234544554440002445544545444220223330003
21222333334444334444444430002434444443344222233433323
21212332033343323333334220001233333332334222034332323
11111111111222222222122110001121122222222111111112212
GRAPH|2022|00000111100000210111011220001111011101100000111100000
00000223300323003302023320001221010220021200221100000
00000234334444434332033300000222012222222222222100000
00000230043554004300000000000000000220023322002100000
00000000024443002300000000000000000210022221000000000
00000000023220000100000000000000000100001121000000000
00000000011110000000000000000000000000001111000000000
GENERATOR|2023|00000111112220000122211001110012211100001111111100000
00000233234441000334422333023343322200023222122100000
00000234344642220466444444444464333203334322222100000
00000220036642223444644466036443424434444332001100000
00000000023023333432244434023443343634333021000000000
00000000000023324222233420001333343342333000000000000
00000000000012122111122220001222222222121000000000000
INTENSITY|2024|00000122200011222222211111111112212222221000111100000
00000343300023343646421102010223443434333000222200000
00000300000023444644400101220200244434433000000200000
00000000000044444666300020002000246644444000000000000
00000000022333443341022232222111024334433211000000000
00000000023333333211022320001211022333222221000000000
00000000112122122111111210001111111121111111100000000
NEURAL|2023|00000000011222222000001101110110000011111111000000000
00000000034444343002330020001002210023232222000000000
00000000034643644444464330002223222233322322000000000
00000000246663444666660040002003333333323332100000000
00000223243003433644440020002002222322320022121100000
00000223300003333333300011222000222222220000221100000
00000111100001211221100011111000111111110000111100000
NETWORK|2023|00000000012220211111111100000111111111101111000000000
00000000033464343323200122033200121222223222000000000
00000000036666446333300023334000222232233332000000000
00000000334466464433303344444220222223233222200000000
00000223333003446433333644344322222232220022221100000
00000223300002333232234343333223212122210000221100000
00000111200001222210112222222221101111110000111100000
ALGORITHM|2020|00000011011001111111111012222022211111110011011000000
00000200300002233222222343434443334332110000200100000
00000333300002343122243434022434344222210000222200000
00000300300002200034444340002344422000110000200200000
00000200300021000243433320001333322100022000200100000
00000000002221110234443230002233322101222110000000000
00000000011111110112222110001122211101111111000000000
OPTIMIZATION|2022|00000000122111121222111112222111112211112222200000000
00000000232323334343322223333333332243343433300000000
00000000032323444522222202010333334444433312000000000
20002233430024344002122100000233240044343002223340003
22222334320024434002002220001230030033443001233443333
21222333320023333000022220001111000023343001233333323
11111222200012221000111110001111100011222000122221122
SYMMETRY|2022|00000011111210001111011221222111011210001111111000000
00000100022320002221233444443223323330001211000100000
00000022033330002222234445553443433430002222011000000
00000000333330002222244444343545434440002222200000000
00000222022320022223344223333454443321001211011100000
00000000010002232223322223233333331112110001000000000
00000000000001111111211112122222211111110000000000000
DENSITY|2022|00000111122220000011121121122112111000001111111100000
00000233344430000200233333343333300100002222222100000
00000234455540000022242234455434311000002333222100000
00000343346540003000322224344443300020002332222200000
00000233224002233222222224344443311122110021122100000
00000200000002222000000112222200000011110000000100000
00000000000001111000000021112000000011110000000000000
CONTINUITY|2024|00000122211111101122222220001222222220221111211100000
00000233312222222343334330002333334433433332322100000
00000334322223320344463200000346442203644334322200000
00000233423442222336432210002334432213434433422100000
00000232333344333343322213332333322223334333312100000
00000222034434333322322213332333311223333422011100000
00000000012222212211211112221122211111222111000000000
REALISTIC|2022|00000000012221121221112221112121212222122111000000000
00000002234343223222233333022333343343334222110000000
00000334456564432002242202330334440013445333222200000
00000235444545223000222220003333300023454322232100000
00000234343023213000321102220223300022333022222100000
00000123200001110022221100000223211002220000121100000
00000111100000001111111110001112111110000000111100000
ACTIVITY|2021|00000011011110112222222122222122222221101111011000000
00000200323333324334443334444334443331222221200100000
00000332334334333323344433022444554332222222212200000
00000300343334434233244330002345355442222222200200000
00000200222223343222234320001343444332221111100100000
00000000012202232002223320001333330012110111000000000
00000000000001111000111110001122200011110000000000000
SIMULATION|2022|00000011122210001222221001110022222220001111111000000
00000200023330002343322212012333444330002221000100000
00000022030000000344422222324343442200000002011000000
00000000300022100355422323023533433200243000300000000
00000122122222223344322232013344432222343433211100000
00000000122223223333323320001333322222244343200000000
00000000111121211212111210001211111111212112100000000
PREDICTION|2022|00000111000001222222222222222122222221110000011100000
00000202000224444445344343334343354442221100010100000
00000222022334454555552223334444553323222211011100000
00000200133435455444422223344443422233343222200100000
00000200124443410343322223333333422202434432200100000
00000100123332220200222102220233300103433332200100000
00000000112221111000111110001112100011112221100000000
CONTEXT|2022|00000111100000000012222222122122211000000000111100000
00000233300000000233344444344333322100000000222100000
00000243300000000344454454444434422200000000222100000
00000334303340002334455553335544422210002220222200000
00000233234443332333355223233344322212222222122100000
00000122033343333333321202220323322222222222011100000
00000000022222122211111100000121111111111111000000000
